R=1 calibration: gate/up 167.5 us, down 83.8 us -> 200 / 200 GB/s
R  calls  gu_us   dn_us   U(gu)  U(dn)  U_indep  MB/layer
 1    249   167.5    83.8    8.0    8.0     8.0      50.3
 2   1398   264.0   132.7   12.6   12.7    15.8      79.5
 3   2095   355.5   176.7   17.0   16.9    23.3     106.5
 4   1078   449.5   228.2   21.5   21.8    30.7     136.0
 5    906   510.8   252.9   24.4   24.1    37.8     152.7
 6    223   701.7   341.9   33.5   32.6    44.8     208.1
 7    350   757.7   374.1   36.2   35.7    51.5     226.2
 8   1051   848.0   420.4   40.5   40.1    58.1     253.6
 9   1391   929.9   460.7   44.4   44.0    64.5     278.0
10   1430  1009.0   499.8   48.2   47.7    70.7     301.7
11   1095  1081.5   528.3   51.6   50.4    76.7     321.1
12    882  1129.8   555.7   54.0   53.0    82.6     336.6
13    507  1200.4   587.1   57.3   56.0    88.3     356.6
14    337  1290.2   631.7   61.6   60.3    93.9     383.5
15    126  1225.6   591.2   58.5   56.4    99.3     361.6
16     44  1356.1   672.9   64.8   64.2   104.5     405.8
