R=1 calibration: gate/up 165.8 us, down 83.3 us -> 202 / 201 GB/s
R  calls  gu_us   dn_us   U(gu)  U(dn)  U_indep  MB/layer
 1    249   165.8    83.3    8.0    8.0     8.0      50.3
 2   1398   260.3   130.8   12.6   12.6    15.8      79.0
 3   2095   354.0   175.2   17.1   16.8    23.3     106.7
 4   1078   446.2   228.0   21.5   21.9    30.7     136.6
 5    906   505.4   249.7   24.4   24.0    37.8     152.2
 6    223   679.8   338.2   32.8   32.5    44.8     205.4
 7    350   749.5   365.9   36.2   35.2    51.5     224.3
 8   1051   845.6   419.0   40.8   40.3    58.1     255.0
 9   1391   925.6   456.8   44.7   43.9    64.5     278.5
10   1430   994.0   495.1   48.0   47.6    70.7     300.5
11   1095  1057.4   518.7   51.0   49.8    76.7     317.2
12    882  1126.3   554.0   54.3   53.2    82.6     338.4
13    507  1191.1   585.7   57.5   56.3    88.3     357.8
14    337  1279.3   624.7   61.7   60.0    93.9     383.0
15    126  1187.6   581.4   57.3   55.9    99.3     356.0
16     44  1425.4   700.8   68.8   67.3   104.5     428.1
